#Time (us) ; Current (mA) ; Voltage (V) ; PC ; IRQ 
28259000 ; 3.454 ; 3.29834 ; 0 ; 0
28352000 ; 3.45522 ; 3.29849 ; 0 ; 0
28446000 ; 3.46009 ; 3.29849 ; 0 ; 0
28533000 ; 3.4613 ; 3.29819 ; 0 ; 0
28620000 ; 3.45278 ; 3.29872 ; 0 ; 0
28714000 ; 3.44304 ; 3.29849 ; 0 ; 0
28801000 ; 3.46617 ; 3.29865 ; 0 ; 0
28886000 ; 3.4747 ; 3.29865 ; 0 ; 0
28978000 ; 3.45278 ; 3.29834 ; 0 ; 0
29078000 ; 3.47104 ; 3.29842 ; 0 ; 0
29172000 ; 3.46252 ; 3.29865 ; 0 ; 0
29259000 ; 3.46617 ; 3.29865 ; 0 ; 0
29346000 ; 3.45765 ; 3.2988 ; 0 ; 0
29431000 ; 3.45522 ; 3.29849 ; 0 ; 0
29526000 ; 3.45887 ; 3.29872 ; 0 ; 0
29611000 ; 3.47104 ; 3.30002 ; 0 ; 0
29698000 ; 3.482 ; 3.30086 ; 0 ; 0
29791000 ; 3.45522 ; 3.30078 ; 0 ; 0
29883000 ; 3.454 ; 3.29834 ; 0 ; 0
29977000 ; 3.4747 ; 3.2988 ; 0 ; 0
30063000 ; 3.44791 ; 3.29842 ; 0 ; 0
30151000 ; 3.45765 ; 3.29849 ; 0 ; 0
30242000 ; 3.46252 ; 3.29857 ; 0 ; 0
30330000 ; 3.44182 ; 3.29834 ; 0 ; 0
30417000 ; 3.45887 ; 3.29834 ; 0 ; 0
30510000 ; 3.45765 ; 3.29872 ; 0 ; 0
30601000 ; 3.47226 ; 3.29849 ; 0 ; 0
30687000 ; 3.43939 ; 3.30086 ; 0 ; 0
30780000 ; 3.45643 ; 3.29849 ; 0 ; 0
30873000 ; 3.454 ; 3.29857 ; 0 ; 0
30965000 ; 3.43817 ; 3.29865 ; 0 ; 0
31051000 ; 3.46739 ; 3.29842 ; 0 ; 0
31141000 ; 3.45035 ; 3.29826 ; 0 ; 0
31228000 ; 3.45643 ; 3.29834 ; 0 ; 0
31320000 ; 3.44669 ; 3.29857 ; 0 ; 0
31414000 ; 3.46009 ; 3.29849 ; 0 ; 0
31500000 ; 3.46861 ; 3.29819 ; 0 ; 0
31587000 ; 3.46252 ; 3.29857 ; 0 ; 0
31680000 ; 3.48078 ; 3.30063 ; 0 ; 0
31775000 ; 3.47835 ; 3.29826 ; 0 ; 0
31861000 ; 3.47104 ; 3.29842 ; 0 ; 0
31951000 ; 3.46374 ; 3.29842 ; 0 ; 0
32037000 ; 3.4613 ; 3.29857 ; 0 ; 0
32131000 ; 3.44426 ; 3.30002 ; 0 ; 0
32225000 ; 3.44426 ; 3.29872 ; 0 ; 0
32319000 ; 3.47713 ; 3.30017 ; 0 ; 0
32406000 ; 3.47226 ; 3.29834 ; 0 ; 0
32496000 ; 3.45522 ; 3.29842 ; 0 ; 0
32582000 ; 3.44913 ; 3.29826 ; 0 ; 0
32674000 ; 3.43939 ; 3.29849 ; 0 ; 0
32768000 ; 3.46861 ; 3.29842 ; 0 ; 0
32863000 ; 3.47104 ; 3.2988 ; 0 ; 0
32950000 ; 3.45887 ; 3.30048 ; 0 ; 0
33036000 ; 3.46374 ; 3.30101 ; 0 ; 0
33123000 ; 3.44426 ; 3.29857 ; 0 ; 0
33222000 ; 3.45643 ; 3.29842 ; 0 ; 0
33308000 ; 3.4747 ; 3.30124 ; 0 ; 0
33401000 ; 3.45887 ; 3.29857 ; 0 ; 0
33487000 ; 3.44061 ; 3.30055 ; 0 ; 0
33575000 ; 3.47104 ; 3.30063 ; 0 ; 0
33668000 ; 3.47348 ; 3.29872 ; 0 ; 0
33757000 ; 3.45643 ; 3.29849 ; 0 ; 0
33842000 ; 3.45887 ; 3.29903 ; 0 ; 0
33928000 ; 3.45522 ; 3.2988 ; 0 ; 0
34020000 ; 3.46739 ; 3.29857 ; 0 ; 0
34106000 ; 3.47226 ; 3.29842 ; 0 ; 0
34197000 ; 3.47348 ; 3.29857 ; 0 ; 0
34291000 ; 3.4613 ; 3.29842 ; 0 ; 0
34383000 ; 3.4747 ; 3.30002 ; 0 ; 0
34483000 ; 3.47226 ; 3.29857 ; 0 ; 0
34578000 ; 3.45887 ; 3.29865 ; 0 ; 0
34671000 ; 3.45278 ; 3.29842 ; 0 ; 0
34764000 ; 3.45156 ; 3.29865 ; 0 ; 0
34856000 ; 3.46739 ; 3.29865 ; 0 ; 0
34949000 ; 3.46252 ; 3.29872 ; 0 ; 0
35051000 ; 3.47591 ; 3.29857 ; 0 ; 0
35138000 ; 3.4613 ; 3.29849 ; 0 ; 0
35225000 ; 3.45522 ; 3.29872 ; 0 ; 0
35310000 ; 3.44791 ; 3.3007 ; 0 ; 0
35397000 ; 3.46983 ; 3.30093 ; 0 ; 0
35490000 ; 3.46739 ; 3.29849 ; 0 ; 0
35576000 ; 3.47835 ; 3.30116 ; 0 ; 0
35669000 ; 3.46861 ; 3.29887 ; 0 ; 0
35770000 ; 3.46252 ; 3.30032 ; 0 ; 0
35871000 ; 3.46252 ; 3.29872 ; 0 ; 0
35964000 ; 3.46739 ; 3.29842 ; 0 ; 0
36057000 ; 3.46252 ; 3.2988 ; 0 ; 0
36143000 ; 3.4613 ; 3.29849 ; 0 ; 0
36228000 ; 3.44791 ; 3.2988 ; 0 ; 0
36327000 ; 3.454 ; 3.29857 ; 0 ; 0
36421000 ; 3.47713 ; 3.29857 ; 0 ; 0
36507000 ; 3.46252 ; 3.29834 ; 0 ; 0
36601000 ; 3.46374 ; 3.29872 ; 0 ; 0
36689000 ; 3.46252 ; 3.29865 ; 0 ; 0
36784000 ; 3.44913 ; 3.29857 ; 0 ; 0
36870000 ; 3.45887 ; 3.29849 ; 0 ; 0
36963000 ; 3.47104 ; 3.29849 ; 0 ; 0
37048000 ; 3.46496 ; 3.29887 ; 0 ; 0
37133000 ; 3.46252 ; 3.29849 ; 0 ; 0
37219000 ; 3.45887 ; 3.29834 ; 0 ; 0
37306000 ; 3.46252 ; 3.29971 ; 0 ; 0
37401000 ; 3.47226 ; 3.29819 ; 0 ; 0
37493000 ; 3.46861 ; 3.29834 ; 0 ; 0
37585000 ; 3.454 ; 3.29842 ; 0 ; 0
37678000 ; 3.46983 ; 3.29849 ; 0 ; 0
37764000 ; 3.45765 ; 3.29887 ; 0 ; 0
37856000 ; 3.46983 ; 3.29842 ; 0 ; 0
37949000 ; 3.46009 ; 3.29857 ; 0 ; 0
38034000 ; 3.47226 ; 3.30078 ; 0 ; 0
38127000 ; 3.44548 ; 3.29819 ; 0 ; 0
38214000 ; 3.44304 ; 3.29842 ; 0 ; 0
38304000 ; 3.46617 ; 3.29834 ; 0 ; 0
76674000 ; 3.46496 ; 3.29918 ; 0 ; 0
76772000 ; 3.47957 ; 3.29865 ; 0 ; 0
76858000 ; 3.47348 ; 3.29865 ; 0 ; 0
76944000 ; 3.48931 ; 3.29887 ; 0 ; 0
77039000 ; 3.47835 ; 3.29887 ; 0 ; 0
77126000 ; 3.46861 ; 3.29849 ; 0 ; 0
77212000 ; 3.46861 ; 3.30032 ; 0 ; 0
77305000 ; 3.44791 ; 3.29865 ; 0 ; 0
77398000 ; 3.45278 ; 3.29895 ; 0 ; 0
77484000 ; 3.45887 ; 3.29865 ; 0 ; 0
77570000 ; 3.46983 ; 3.30025 ; 0 ; 0
77661000 ; 3.46739 ; 3.29918 ; 0 ; 0
77753000 ; 3.46496 ; 3.29826 ; 0 ; 0
77840000 ; 3.45765 ; 3.29849 ; 0 ; 0
77932000 ; 3.46983 ; 3.29834 ; 0 ; 0
78025000 ; 3.45643 ; 3.29872 ; 0 ; 0
78115000 ; 3.46861 ; 3.29857 ; 0 ; 0
78199000 ; 3.4747 ; 3.29849 ; 0 ; 0
78284000 ; 3.47713 ; 3.29834 ; 0 ; 0
78368000 ; 3.45522 ; 3.29887 ; 0 ; 0
78453000 ; 3.45156 ; 3.29842 ; 0 ; 0
78546000 ; 3.45887 ; 3.29865 ; 0 ; 0
78633000 ; 3.46617 ; 3.29842 ; 0 ; 0
78719000 ; 3.44061 ; 3.2988 ; 0 ; 0
78805000 ; 3.47348 ; 3.30002 ; 0 ; 0
78897000 ; 3.44913 ; 3.30124 ; 0 ; 0
78990000 ; 3.44304 ; 3.29849 ; 0 ; 0
79088000 ; 3.46009 ; 3.29865 ; 0 ; 0
79182000 ; 3.4613 ; 3.2988 ; 0 ; 0
79276000 ; 3.45522 ; 3.29865 ; 0 ; 0
79368000 ; 3.46983 ; 3.29941 ; 0 ; 0
79454000 ; 3.45156 ; 3.30101 ; 0 ; 0
79543000 ; 3.46374 ; 3.29887 ; 0 ; 0
79637000 ; 3.46009 ; 3.29872 ; 0 ; 0
79731000 ; 3.46861 ; 3.30009 ; 0 ; 0
79824000 ; 3.45887 ; 3.29849 ; 0 ; 0
79910000 ; 3.47348 ; 3.30116 ; 0 ; 0
80002000 ; 3.44791 ; 3.30109 ; 0 ; 0
80089000 ; 3.44913 ; 3.30048 ; 0 ; 0
80183000 ; 3.47226 ; 3.29895 ; 0 ; 0
80269000 ; 3.46983 ; 3.29994 ; 0 ; 0
80363000 ; 3.43817 ; 3.29872 ; 0 ; 0
80449000 ; 3.45156 ; 3.29834 ; 0 ; 0
80538000 ; 3.45278 ; 3.29872 ; 0 ; 0
80632000 ; 3.45765 ; 3.30093 ; 0 ; 0
80718000 ; 3.47713 ; 3.2988 ; 0 ; 0
80805000 ; 3.46252 ; 3.29872 ; 0 ; 0
80899000 ; 3.46617 ; 3.29895 ; 0 ; 0
80990000 ; 3.47348 ; 3.30025 ; 0 ; 0
81076000 ; 3.46861 ; 3.29865 ; 0 ; 0
81167000 ; 3.46861 ; 3.2988 ; 0 ; 0
81264000 ; 3.46009 ; 3.29872 ; 0 ; 0
81350000 ; 3.45643 ; 3.29857 ; 0 ; 0
81436000 ; 3.4613 ; 3.29956 ; 0 ; 0
81536000 ; 3.44548 ; 3.29887 ; 0 ; 0
81621000 ; 3.46252 ; 3.29887 ; 0 ; 0
81713000 ; 3.46983 ; 3.29865 ; 0 ; 0
81811000 ; 3.44548 ; 3.29872 ; 0 ; 0
81897000 ; 3.46009 ; 3.30132 ; 0 ; 0
81983000 ; 3.46617 ; 3.29834 ; 0 ; 0
82070000 ; 3.45887 ; 3.29872 ; 0 ; 0
82162000 ; 3.46983 ; 3.29857 ; 0 ; 0
82254000 ; 3.47713 ; 3.30078 ; 0 ; 0
82341000 ; 3.49052 ; 3.29857 ; 0 ; 0
82427000 ; 3.45035 ; 3.29865 ; 0 ; 0
82513000 ; 3.46496 ; 3.29834 ; 0 ; 0
82612000 ; 3.45887 ; 3.29819 ; 0 ; 0
82699000 ; 3.46739 ; 3.29826 ; 0 ; 0
82792000 ; 3.47104 ; 3.2988 ; 0 ; 0
82878000 ; 3.454 ; 3.29834 ; 0 ; 0
82970000 ; 3.46861 ; 3.29887 ; 0 ; 0
83058000 ; 3.45887 ; 3.29865 ; 0 ; 0
83143000 ; 3.46739 ; 3.29849 ; 0 ; 0
83236000 ; 3.43695 ; 3.29849 ; 0 ; 0
83329000 ; 3.44548 ; 3.29887 ; 0 ; 0
83422000 ; 3.482 ; 3.29948 ; 0 ; 0
83514000 ; 3.46009 ; 3.30101 ; 0 ; 0
83601000 ; 3.43939 ; 3.29849 ; 0 ; 0
