#Time (us) ; Current (mA) ; Voltage (V) ; PC ; IRQ 
306213000 ; 0.0010262 ; 3.29933 ; 0 ; 0
306308000 ; 0.000923204 ; 3.30048 ; 0 ; 0
306395000 ; 0.000793505 ; 3.29964 ; 0 ; 0
306489000 ; 0.00222402 ; 3.29948 ; 0 ; 0
306584000 ; 0.00213628 ; 3.29987 ; 0 ; 0
306679000 ; 0.0010529 ; 3.29933 ; 0 ; 0
306766000 ; 0.00143056 ; 3.29941 ; 0 ; 0
306859000 ; 0.00133519 ; 3.30208 ; 0 ; 0
306944000 ; 0.000843096 ; 3.29948 ; 0 ; 0
307036000 ; 0.00078969 ; 3.30002 ; 0 ; 0
307120000 ; 0.00159459 ; 3.3017 ; 0 ; 0
307214000 ; 0.000892687 ; 3.29956 ; 0 ; 0
307299000 ; 0.00151067 ; 3.30254 ; 0 ; 0
307392000 ; 0.00097661 ; 3.29971 ; 0 ; 0
307485000 ; 0.00135427 ; 3.29948 ; 0 ; 0
307572000 ; 0.00168996 ; 3.29964 ; 0 ; 0
307665000 ; 0.000774431 ; 3.29933 ; 0 ; 0
307757000 ; 0.00129704 ; 3.29979 ; 0 ; 0
307844000 ; 0.00141912 ; 3.29994 ; 0 ; 0
307932000 ; 0.00173955 ; 3.29987 ; 0 ; 0
308026000 ; 0.0012589 ; 3.29956 ; 0 ; 0
308117000 ; 0.00136952 ; 3.29971 ; 0 ; 0
308203000 ; 0.000747728 ; 3.29971 ; 0 ; 0
308297000 ; 0.00106435 ; 3.29971 ; 0 ; 0
308383000 ; 0.00148396 ; 3.29933 ; 0 ; 0
308469000 ; 0.00108342 ; 3.29971 ; 0 ; 0
308571000 ; 0.00125508 ; 3.29971 ; 0 ; 0
308657000 ; 0.000915575 ; 3.3017 ; 0 ; 0
308743000 ; 0.00106435 ; 3.30162 ; 0 ; 0
308835000 ; 0.000881243 ; 3.29941 ; 0 ; 0
308920000 ; 0.00149922 ; 3.29926 ; 0 ; 0
309015000 ; 0.00144582 ; 3.3004 ; 0 ; 0
309102000 ; 0.000873613 ; 3.3004 ; 0 ; 0
309195000 ; 0.000949907 ; 3.29971 ; 0 ; 0
309282000 ; 0.00109105 ; 3.29971 ; 0 ; 0
309374000 ; 0.00101476 ; 3.302 ; 0 ; 0
309462000 ; 0.000991869 ; 3.29987 ; 0 ; 0
309549000 ; 0.000980425 ; 3.29994 ; 0 ; 0
309640000 ; 0.00110631 ; 3.30231 ; 0 ; 0
309725000 ; 0.000759172 ; 3.30032 ; 0 ; 0
309811000 ; 0.00115972 ; 3.30162 ; 0 ; 0
309901000 ; 0.00114064 ; 3.30093 ; 0 ; 0
309986000 ; 0.000904131 ; 3.29979 ; 0 ; 0
310070000 ; 0.0011292 ; 3.29926 ; 0 ; 0
310156000 ; 0.00078969 ; 3.30032 ; 0 ; 0
310241000 ; 0.00117116 ; 3.29948 ; 0 ; 0
310332000 ; 0.00162129 ; 3.29956 ; 0 ; 0
310425000 ; 0.00132756 ; 3.29987 ; 0 ; 0
310516000 ; 0.00110631 ; 3.29918 ; 0 ; 0
310605000 ; 0.000595141 ; 3.29971 ; 0 ; 0
310691000 ; 0.00107579 ; 3.29941 ; 0 ; 0
310782000 ; 0.00104146 ; 3.30025 ; 0 ; 0
310872000 ; 0.0011292 ; 3.30147 ; 0 ; 0
310955000 ; 0.000858355 ; 3.30185 ; 0 ; 0
311046000 ; 0.00133519 ; 3.30009 ; 0 ; 0
311144000 ; 0.00144963 ; 3.29926 ; 0 ; 0
311229000 ; 0.00110631 ; 3.29979 ; 0 ; 0
311312000 ; 0.00136952 ; 3.29941 ; 0 ; 0
311398000 ; 0.0011826 ; 3.29948 ; 0 ; 0
311490000 ; 0.00127034 ; 3.29971 ; 0 ; 0
311588000 ; 0.00149159 ; 3.29956 ; 0 ; 0
311681000 ; 0.000907946 ; 3.29941 ; 0 ; 0
311775000 ; 0.000991869 ; 3.29994 ; 0 ; 0
311871000 ; 0.0011025 ; 3.29964 ; 0 ; 0
311971000 ; 0.00115209 ; 3.29948 ; 0 ; 0
312066000 ; 0.000755358 ; 3.29956 ; 0 ; 0
312152000 ; 0.000988054 ; 3.30109 ; 0 ; 0
312237000 ; 0.000762987 ; 3.30017 ; 0 ; 0
312335000 ; 0.000900316 ; 3.29948 ; 0 ; 0
312430000 ; 0.00106435 ; 3.29956 ; 0 ; 0
312523000 ; 0.000888872 ; 3.29941 ; 0 ; 0
312610000 ; 0.00121312 ; 3.30002 ; 0 ; 0
312695000 ; 0.000927019 ; 3.3017 ; 0 ; 0
312789000 ; 0.00148778 ; 3.29941 ; 0 ; 0
312882000 ; 0.00101094 ; 3.29926 ; 0 ; 0
312984000 ; 0.00097661 ; 3.29933 ; 0 ; 0
313080000 ; 0.00195317 ; 3.29941 ; 0 ; 0
313174000 ; 0.0011025 ; 3.29971 ; 0 ; 0
