#Time (us) ; Current (mA) ; Voltage (V) ; PC ; IRQ 
28259000 ; 3.454 ; 3.29834 ; 0 ; 0
28352000 ; 3.45522 ; 3.29849 ; 0 ; 0
28446000 ; 3.46009 ; 3.29849 ; 0 ; 0
28533000 ; 3.4613 ; 3.29819 ; 0 ; 0
28620000 ; 3.45278 ; 3.29872 ; 0 ; 0
28714000 ; 3.44304 ; 3.29849 ; 0 ; 0
28801000 ; 3.46617 ; 3.29865 ; 0 ; 0
28886000 ; 3.4747 ; 3.29865 ; 0 ; 0
28978000 ; 3.45278 ; 3.29834 ; 0 ; 0
29078000 ; 3.47104 ; 3.29842 ; 0 ; 0
29172000 ; 3.46252 ; 3.29865 ; 0 ; 0
29259000 ; 3.46617 ; 3.29865 ; 0 ; 0
29346000 ; 3.45765 ; 3.2988 ; 0 ; 0
29431000 ; 3.45522 ; 3.29849 ; 0 ; 0
29526000 ; 3.45887 ; 3.29872 ; 0 ; 0
29611000 ; 3.47104 ; 3.30002 ; 0 ; 0
29698000 ; 3.482 ; 3.30086 ; 0 ; 0
29791000 ; 3.45522 ; 3.30078 ; 0 ; 0
29883000 ; 3.454 ; 3.29834 ; 0 ; 0
29977000 ; 3.4747 ; 3.2988 ; 0 ; 0
30063000 ; 3.44791 ; 3.29842 ; 0 ; 0
30151000 ; 3.45765 ; 3.29849 ; 0 ; 0
30242000 ; 3.46252 ; 3.29857 ; 0 ; 0
30330000 ; 3.44182 ; 3.29834 ; 0 ; 0
30417000 ; 3.45887 ; 3.29834 ; 0 ; 0
30510000 ; 3.45765 ; 3.29872 ; 0 ; 0
30601000 ; 3.47226 ; 3.29849 ; 0 ; 0
30687000 ; 3.43939 ; 3.30086 ; 0 ; 0
30780000 ; 3.45643 ; 3.29849 ; 0 ; 0
30873000 ; 3.454 ; 3.29857 ; 0 ; 0
30965000 ; 3.43817 ; 3.29865 ; 0 ; 0
31051000 ; 3.46739 ; 3.29842 ; 0 ; 0
31141000 ; 3.45035 ; 3.29826 ; 0 ; 0
31228000 ; 3.45643 ; 3.29834 ; 0 ; 0
31320000 ; 3.44669 ; 3.29857 ; 0 ; 0
31414000 ; 3.46009 ; 3.29849 ; 0 ; 0
31500000 ; 3.46861 ; 3.29819 ; 0 ; 0
31587000 ; 3.46252 ; 3.29857 ; 0 ; 0
31680000 ; 3.48078 ; 3.30063 ; 0 ; 0
31775000 ; 3.47835 ; 3.29826 ; 0 ; 0
31861000 ; 3.47104 ; 3.29842 ; 0 ; 0
31951000 ; 3.46374 ; 3.29842 ; 0 ; 0
32037000 ; 3.4613 ; 3.29857 ; 0 ; 0
32131000 ; 3.44426 ; 3.30002 ; 0 ; 0
32225000 ; 3.44426 ; 3.29872 ; 0 ; 0
32319000 ; 3.47713 ; 3.30017 ; 0 ; 0
32406000 ; 3.47226 ; 3.29834 ; 0 ; 0
32496000 ; 3.45522 ; 3.29842 ; 0 ; 0
32582000 ; 3.44913 ; 3.29826 ; 0 ; 0
32674000 ; 3.43939 ; 3.29849 ; 0 ; 0
32768000 ; 3.46861 ; 3.29842 ; 0 ; 0
32863000 ; 3.47104 ; 3.2988 ; 0 ; 0
32950000 ; 3.45887 ; 3.30048 ; 0 ; 0
33036000 ; 3.46374 ; 3.30101 ; 0 ; 0
33123000 ; 3.44426 ; 3.29857 ; 0 ; 0
33222000 ; 3.45643 ; 3.29842 ; 0 ; 0
33308000 ; 3.4747 ; 3.30124 ; 0 ; 0
33401000 ; 3.45887 ; 3.29857 ; 0 ; 0
33487000 ; 3.44061 ; 3.30055 ; 0 ; 0
33575000 ; 3.47104 ; 3.30063 ; 0 ; 0
33668000 ; 3.47348 ; 3.29872 ; 0 ; 0
33757000 ; 3.45643 ; 3.29849 ; 0 ; 0
33842000 ; 3.45887 ; 3.29903 ; 0 ; 0
33928000 ; 3.45522 ; 3.2988 ; 0 ; 0
34020000 ; 3.46739 ; 3.29857 ; 0 ; 0
34106000 ; 3.47226 ; 3.29842 ; 0 ; 0
34197000 ; 3.47348 ; 3.29857 ; 0 ; 0
34291000 ; 3.4613 ; 3.29842 ; 0 ; 0
34383000 ; 3.4747 ; 3.30002 ; 0 ; 0
34483000 ; 3.47226 ; 3.29857 ; 0 ; 0
34578000 ; 3.45887 ; 3.29865 ; 0 ; 0
34671000 ; 3.45278 ; 3.29842 ; 0 ; 0
34764000 ; 3.45156 ; 3.29865 ; 0 ; 0
34856000 ; 3.46739 ; 3.29865 ; 0 ; 0
34949000 ; 3.46252 ; 3.29872 ; 0 ; 0
35051000 ; 3.47591 ; 3.29857 ; 0 ; 0
35138000 ; 3.4613 ; 3.29849 ; 0 ; 0
35225000 ; 3.45522 ; 3.29872 ; 0 ; 0
35310000 ; 3.44791 ; 3.3007 ; 0 ; 0
35397000 ; 3.46983 ; 3.30093 ; 0 ; 0
35490000 ; 3.46739 ; 3.29849 ; 0 ; 0
35576000 ; 3.47835 ; 3.30116 ; 0 ; 0
35669000 ; 3.46861 ; 3.29887 ; 0 ; 0
35770000 ; 3.46252 ; 3.30032 ; 0 ; 0
35871000 ; 3.46252 ; 3.29872 ; 0 ; 0
35964000 ; 3.46739 ; 3.29842 ; 0 ; 0
36057000 ; 3.46252 ; 3.2988 ; 0 ; 0
36143000 ; 3.4613 ; 3.29849 ; 0 ; 0
36228000 ; 3.44791 ; 3.2988 ; 0 ; 0
36327000 ; 3.454 ; 3.29857 ; 0 ; 0
36421000 ; 3.47713 ; 3.29857 ; 0 ; 0
36507000 ; 3.46252 ; 3.29834 ; 0 ; 0
36601000 ; 3.46374 ; 3.29872 ; 0 ; 0
36689000 ; 3.46252 ; 3.29865 ; 0 ; 0
36784000 ; 3.44913 ; 3.29857 ; 0 ; 0
36870000 ; 3.45887 ; 3.29849 ; 0 ; 0
36963000 ; 3.47104 ; 3.29849 ; 0 ; 0
37048000 ; 3.46496 ; 3.29887 ; 0 ; 0
37133000 ; 3.46252 ; 3.29849 ; 0 ; 0
37219000 ; 3.45887 ; 3.29834 ; 0 ; 0
37306000 ; 3.46252 ; 3.29971 ; 0 ; 0
37401000 ; 3.47226 ; 3.29819 ; 0 ; 0
37493000 ; 3.46861 ; 3.29834 ; 0 ; 0
37585000 ; 3.454 ; 3.29842 ; 0 ; 0
37678000 ; 3.46983 ; 3.29849 ; 0 ; 0
37764000 ; 3.45765 ; 3.29887 ; 0 ; 0
37856000 ; 3.46983 ; 3.29842 ; 0 ; 0
37949000 ; 3.46009 ; 3.29857 ; 0 ; 0
38034000 ; 3.47226 ; 3.30078 ; 0 ; 0
38127000 ; 3.44548 ; 3.29819 ; 0 ; 0
38214000 ; 3.44304 ; 3.29842 ; 0 ; 0
38304000 ; 3.46617 ; 3.29834 ; 0 ; 0
76674000 ; 3.46496 ; 3.29918 ; 0 ; 0
76772000 ; 3.47957 ; 3.29865 ; 0 ; 0
76858000 ; 3.47348 ; 3.29865 ; 0 ; 0
76944000 ; 3.48931 ; 3.29887 ; 0 ; 0
77039000 ; 3.47835 ; 3.29887 ; 0 ; 0
77126000 ; 3.46861 ; 3.29849 ; 0 ; 0
77212000 ; 3.46861 ; 3.30032 ; 0 ; 0
77305000 ; 3.44791 ; 3.29865 ; 0 ; 0
77398000 ; 3.45278 ; 3.29895 ; 0 ; 0
77484000 ; 3.45887 ; 3.29865 ; 0 ; 0
77570000 ; 3.46983 ; 3.30025 ; 0 ; 0
77661000 ; 3.46739 ; 3.29918 ; 0 ; 0
77753000 ; 3.46496 ; 3.29826 ; 0 ; 0
77840000 ; 3.45765 ; 3.29849 ; 0 ; 0
77932000 ; 3.46983 ; 3.29834 ; 0 ; 0
78025000 ; 3.45643 ; 3.29872 ; 0 ; 0
78115000 ; 3.46861 ; 3.29857 ; 0 ; 0
78199000 ; 3.4747 ; 3.29849 ; 0 ; 0
78284000 ; 3.47713 ; 3.29834 ; 0 ; 0
78368000 ; 3.45522 ; 3.29887 ; 0 ; 0
78453000 ; 3.45156 ; 3.29842 ; 0 ; 0
78546000 ; 3.45887 ; 3.29865 ; 0 ; 0
78633000 ; 3.46617 ; 3.29842 ; 0 ; 0
78719000 ; 3.44061 ; 3.2988 ; 0 ; 0
78805000 ; 3.47348 ; 3.30002 ; 0 ; 0
78897000 ; 3.44913 ; 3.30124 ; 0 ; 0
78990000 ; 3.44304 ; 3.29849 ; 0 ; 0
79088000 ; 3.46009 ; 3.29865 ; 0 ; 0
79182000 ; 3.4613 ; 3.2988 ; 0 ; 0
79276000 ; 3.45522 ; 3.29865 ; 0 ; 0
79368000 ; 3.46983 ; 3.29941 ; 0 ; 0
79454000 ; 3.45156 ; 3.30101 ; 0 ; 0
79543000 ; 3.46374 ; 3.29887 ; 0 ; 0
79637000 ; 3.46009 ; 3.29872 ; 0 ; 0
79731000 ; 3.46861 ; 3.30009 ; 0 ; 0
79824000 ; 3.45887 ; 3.29849 ; 0 ; 0
79910000 ; 3.47348 ; 3.30116 ; 0 ; 0
80002000 ; 3.44791 ; 3.30109 ; 0 ; 0
80089000 ; 3.44913 ; 3.30048 ; 0 ; 0
80183000 ; 3.47226 ; 3.29895 ; 0 ; 0
80269000 ; 3.46983 ; 3.29994 ; 0 ; 0
80363000 ; 3.43817 ; 3.29872 ; 0 ; 0
80449000 ; 3.45156 ; 3.29834 ; 0 ; 0
80538000 ; 3.45278 ; 3.29872 ; 0 ; 0
80632000 ; 3.45765 ; 3.30093 ; 0 ; 0
80718000 ; 3.47713 ; 3.2988 ; 0 ; 0
80805000 ; 3.46252 ; 3.29872 ; 0 ; 0
80899000 ; 3.46617 ; 3.29895 ; 0 ; 0
80990000 ; 3.47348 ; 3.30025 ; 0 ; 0
81076000 ; 3.46861 ; 3.29865 ; 0 ; 0
81167000 ; 3.46861 ; 3.2988 ; 0 ; 0
81264000 ; 3.46009 ; 3.29872 ; 0 ; 0
81350000 ; 3.45643 ; 3.29857 ; 0 ; 0
81436000 ; 3.4613 ; 3.29956 ; 0 ; 0
81536000 ; 3.44548 ; 3.29887 ; 0 ; 0
81621000 ; 3.46252 ; 3.29887 ; 0 ; 0
81713000 ; 3.46983 ; 3.29865 ; 0 ; 0
81811000 ; 3.44548 ; 3.29872 ; 0 ; 0
81897000 ; 3.46009 ; 3.30132 ; 0 ; 0
81983000 ; 3.46617 ; 3.29834 ; 0 ; 0
82070000 ; 3.45887 ; 3.29872 ; 0 ; 0
82162000 ; 3.46983 ; 3.29857 ; 0 ; 0
82254000 ; 3.47713 ; 3.30078 ; 0 ; 0
82341000 ; 3.49052 ; 3.29857 ; 0 ; 0
82427000 ; 3.45035 ; 3.29865 ; 0 ; 0
82513000 ; 3.46496 ; 3.29834 ; 0 ; 0
82612000 ; 3.45887 ; 3.29819 ; 0 ; 0
82699000 ; 3.46739 ; 3.29826 ; 0 ; 0
82792000 ; 3.47104 ; 3.2988 ; 0 ; 0
82878000 ; 3.454 ; 3.29834 ; 0 ; 0
82970000 ; 3.46861 ; 3.29887 ; 0 ; 0
83058000 ; 3.45887 ; 3.29865 ; 0 ; 0
83143000 ; 3.46739 ; 3.29849 ; 0 ; 0
83236000 ; 3.43695 ; 3.29849 ; 0 ; 0
83329000 ; 3.44548 ; 3.29887 ; 0 ; 0
83422000 ; 3.482 ; 3.29948 ; 0 ; 0
83514000 ; 3.46009 ; 3.30101 ; 0 ; 0
83601000 ; 3.43939 ; 3.29849 ; 0 ; 0
136724000 ; 0.000694323 ; 3.29933 ; 0 ; 0
136817000 ; 0.000747728 ; 3.29903 ; 0 ; 0
136903000 ; 0.000740099 ; 3.2988 ; 0 ; 0
136997000 ; 0.000587511 ; 3.2991 ; 0 ; 0
137083000 ; 0.000656176 ; 3.2991 ; 0 ; 0
137168000 ; 0.000690508 ; 3.29918 ; 0 ; 0
137261000 ; 0.000972796 ; 3.29956 ; 0 ; 0
137354000 ; 0.000583696 ; 3.29895 ; 0 ; 0
137439000 ; 0.000583696 ; 3.30017 ; 0 ; 0
137533000 ; 0.000587511 ; 3.29903 ; 0 ; 0
137625000 ; 0.000576067 ; 3.29857 ; 0 ; 0
137710000 ; 0.000618029 ; 3.30124 ; 0 ; 0
137796000 ; 0.00302129 ; 3.29895 ; 0 ; 0
137887000 ; 0.000625658 ; 3.29933 ; 0 ; 0
137980000 ; 0.000633287 ; 3.29918 ; 0 ; 0
138073000 ; 0.000591326 ; 3.30086 ; 0 ; 0
138159000 ; 0.000572252 ; 3.29941 ; 0 ; 0
138253000 ; 0.000587511 ; 3.29903 ; 0 ; 0
138338000 ; 0.000999498 ; 3.29903 ; 0 ; 0
138432000 ; 0.000618029 ; 3.29918 ; 0 ; 0
138523000 ; 0.000740099 ; 3.29918 ; 0 ; 0
138608000 ; 0.000743914 ; 3.29926 ; 0 ; 0
138695000 ; 0.000801134 ; 3.29948 ; 0 ; 0
138787000 ; 0.000587511 ; 3.29933 ; 0 ; 0
138881000 ; 0.000568438 ; 3.29933 ; 0 ; 0
138968000 ; 0.000591326 ; 3.29948 ; 0 ; 0
139070000 ; 0.0021172 ; 3.2991 ; 0 ; 0
139168000 ; 0.000747728 ; 3.29887 ; 0 ; 0
139261000 ; 0.000740099 ; 3.29948 ; 0 ; 0
139355000 ; 0.000675249 ; 3.29971 ; 0 ; 0
139450000 ; 0.000610399 ; 3.29926 ; 0 ; 0
139537000 ; 0.000785875 ; 3.29941 ; 0 ; 0
139630000 ; 0.000633287 ; 3.29933 ; 0 ; 0
139724000 ; 0.000698137 ; 3.29918 ; 0 ; 0
139810000 ; 0.000629473 ; 3.29895 ; 0 ; 0
139897000 ; 0.00123601 ; 3.3007 ; 0 ; 0
139991000 ; 0.00060277 ; 3.30109 ; 0 ; 0
140092000 ; 0.000762987 ; 3.29903 ; 0 ; 0
140179000 ; 0.000701952 ; 3.29933 ; 0 ; 0
140271000 ; 0.000812578 ; 3.29948 ; 0 ; 0
140357000 ; 0.000759172 ; 3.30124 ; 0 ; 0
140443000 ; 0.000583696 ; 3.29926 ; 0 ; 0
140529000 ; 0.000679064 ; 3.29926 ; 0 ; 0
140623000 ; 0.000610399 ; 3.29926 ; 0 ; 0
140711000 ; 0.000705767 ; 3.30162 ; 0 ; 0
140796000 ; 0.000862169 ; 3.2991 ; 0 ; 0
140882000 ; 0.000762987 ; 3.29895 ; 0 ; 0
140967000 ; 0.000728655 ; 3.29918 ; 0 ; 0
141060000 ; 0.000625658 ; 3.30238 ; 0 ; 0
141153000 ; 0.00135045 ; 3.29895 ; 0 ; 0
141247000 ; 0.000614214 ; 3.29964 ; 0 ; 0
141337000 ; 0.000625658 ; 3.29903 ; 0 ; 0
141431000 ; 0.00108342 ; 3.2991 ; 0 ; 0
141523000 ; 0.000625658 ; 3.2988 ; 0 ; 0
141615000 ; 0.00126653 ; 3.29941 ; 0 ; 0
141701000 ; 0.000621843 ; 3.30139 ; 0 ; 0
141789000 ; 0.000583696 ; 3.29933 ; 0 ; 0
141876000 ; 0.00130849 ; 3.29956 ; 0 ; 0
141968000 ; 0.000904131 ; 3.29903 ; 0 ; 0
142062000 ; 0.000629473 ; 3.30208 ; 0 ; 0
142153000 ; 0.00091939 ; 3.2991 ; 0 ; 0
142245000 ; 0.000640917 ; 3.29926 ; 0 ; 0
142332000 ; 0.000797319 ; 3.29933 ; 0 ; 0
142426000 ; 0.000946093 ; 3.29941 ; 0 ; 0
142519000 ; 0.000923204 ; 3.29918 ; 0 ; 0
142605000 ; 0.000595141 ; 3.29918 ; 0 ; 0
142692000 ; 0.000682879 ; 3.30208 ; 0 ; 0
142778000 ; 0.000656176 ; 3.29948 ; 0 ; 0
142865000 ; 0.000614214 ; 3.2991 ; 0 ; 0
142951000 ; 0.000587511 ; 3.29926 ; 0 ; 0
143045000 ; 0.000614214 ; 3.29926 ; 0 ; 0
143138000 ; 0.000865984 ; 3.29887 ; 0 ; 0
143226000 ; 0.000595141 ; 3.29926 ; 0 ; 0
143318000 ; 0.00060277 ; 3.29979 ; 0 ; 0
143405000 ; 0.000610399 ; 3.29971 ; 0 ; 0
143498000 ; 0.000713396 ; 3.2991 ; 0 ; 0
143588000 ; 0.00108342 ; 3.30124 ; 0 ; 0
143679000 ; 0.00101094 ; 3.29926 ; 0 ; 0
143776000 ; 0.000614214 ; 3.29933 ; 0 ; 0
143863000 ; 0.000728655 ; 3.30086 ; 0 ; 0
143963000 ; 0.000583696 ; 3.29964 ; 0 ; 0
144048000 ; 0.000583696 ; 3.30185 ; 0 ; 0
144150000 ; 0.00121694 ; 3.2991 ; 0 ; 0
144245000 ; 0.00065999 ; 3.29941 ; 0 ; 0
144338000 ; 0.000625658 ; 3.29895 ; 0 ; 0
144424000 ; 0.000625658 ; 3.29895 ; 0 ; 0
144518000 ; 0.000606585 ; 3.29948 ; 0 ; 0
144603000 ; 0.000629473 ; 3.29933 ; 0 ; 0
144689000 ; 0.000598955 ; 3.30193 ; 0 ; 0
144776000 ; 0.000812578 ; 3.30124 ; 0 ; 0
144876000 ; 0.00124364 ; 3.2991 ; 0 ; 0
144970000 ; 0.000694323 ; 3.29933 ; 0 ; 0
145057000 ; 0.000751543 ; 3.30093 ; 0 ; 0
145151000 ; 0.000625658 ; 3.29918 ; 0 ; 0
145244000 ; 0.000839281 ; 3.29933 ; 0 ; 0
145331000 ; 0.00060277 ; 3.30055 ; 0 ; 0
145418000 ; 0.000843096 ; 3.29918 ; 0 ; 0
145504000 ; 0.000614214 ; 3.29895 ; 0 ; 0
145591000 ; 0.000778246 ; 3.2991 ; 0 ; 0
145685000 ; 0.000743914 ; 3.29964 ; 0 ; 0
145772000 ; 0.000713396 ; 3.29933 ; 0 ; 0
145865000 ; 0.000762987 ; 3.29872 ; 0 ; 0
145958000 ; 0.000591326 ; 3.29971 ; 0 ; 0
146049000 ; 0.000587511 ; 3.29918 ; 0 ; 0
146143000 ; 0.000614214 ; 3.30116 ; 0 ; 0
146230000 ; 0.000736284 ; 3.30162 ; 0 ; 0
146330000 ; 0.000652361 ; 3.29941 ; 0 ; 0
146421000 ; 0.000808764 ; 3.29895 ; 0 ; 0
146507000 ; 0.000751543 ; 3.2991 ; 0 ; 0
146601000 ; 0.000900316 ; 3.29926 ; 0 ; 0
146688000 ; 0.000595141 ; 3.29933 ; 0 ; 0
146782000 ; 0.000671434 ; 3.29979 ; 0 ; 0
146868000 ; 0.000682879 ; 3.29872 ; 0 ; 0
146954000 ; 0.000770617 ; 3.29933 ; 0 ; 0
147040000 ; 0.000610399 ; 3.29895 ; 0 ; 0
147133000 ; 0.000591326 ; 3.2991 ; 0 ; 0
147218000 ; 0.000766802 ; 3.3017 ; 0 ; 0
147311000 ; 0.000656176 ; 3.30132 ; 0 ; 0
147399000 ; 0.000766802 ; 3.29872 ; 0 ; 0
147485000 ; 0.000583696 ; 3.29895 ; 0 ; 0
147572000 ; 0.000576067 ; 3.29895 ; 0 ; 0
147665000 ; 0.000598955 ; 3.29903 ; 0 ; 0
147758000 ; 0.00065999 ; 3.29971 ; 0 ; 0
147845000 ; 0.000625658 ; 3.29987 ; 0 ; 0
147939000 ; 0.00158696 ; 3.29926 ; 0 ; 0
148024000 ; 0.000625658 ; 3.29895 ; 0 ; 0
148117000 ; 0.000648546 ; 3.29926 ; 0 ; 0
